0.513000 0.017715
0.513236 0.018160
0.513472 0.018553
0.513709 0.018901
0.513945 0.019213
0.514181 0.019498
0.514417 0.019767
0.514654 0.020030
0.514890 0.020296
0.515126 0.020574
0.515362 0.020873
0.515599 0.021196
0.515835 0.021549
0.516071 0.021931
0.516307 0.022342
0.516544 0.022778
0.516780 0.023234
0.517016 0.023701
0.517252 0.024170
0.517488 0.024631
0.517725 0.025072
0.517961 0.025481
0.518197 0.025846
0.518433 0.026157
0.518670 0.026403
0.518906 0.026574
0.519142 0.026665
0.519378 0.026669
0.519615 0.026585
0.519851 0.026411
0.520087 0.026149
0.520323 0.025805
0.520560 0.025385
0.520796 0.024899
0.521032 0.024358
0.521268 0.023778
0.521505 0.023172
0.521741 0.022560
0.521977 0.021958
0.522213 0.021385
0.522449 0.020859
0.522686 0.020397
0.522922 0.020017
0.523158 0.019731
0.523394 0.019553
0.523631 0.019491
0.523867 0.019550
0.524103 0.019733
0.524339 0.020038
0.524576 0.020458
0.524812 0.020984
0.525048 0.021602
0.525284 0.022296
0.525521 0.023047
0.525757 0.023831
0.525993 0.024626
0.526229 0.025407
0.526465 0.026149
0.526702 0.026829
0.526938 0.027423
0.527174 0.027912
0.527410 0.028278
0.527647 0.028507
0.527883 0.028589
0.528119 0.028517
0.528355 0.028291
0.528592 0.027912
0.528828 0.027388
0.529064 0.026730
0.529300 0.025952
0.529537 0.025073
0.529773 0.024114
0.530009 0.023096
0.530245 0.022044
0.530481 0.020981
0.530718 0.019932
0.530954 0.018920
0.531190 0.017965
0.531426 0.017086
0.531663 0.016300
0.531899 0.015618
0.532135 0.015050
0.532371 0.014600
0.532608 0.014269
0.532844 0.014054
0.533080 0.013948
0.533316 0.013941
0.533553 0.014019
0.533789 0.014167
0.534025 0.014366
0.534261 0.014598
0.534497 0.014843
0.534734 0.015081
0.534970 0.015293
0.535206 0.015463
0.535442 0.015575
0.535679 0.015617
0.535915 0.015579
0.536151 0.015455
0.536387 0.015243
0.536624 0.014943
0.536860 0.014560
0.537096 0.014101
0.537332 0.013578
0.537569 0.013005
0.537805 0.012398
0.538041 0.011775
0.538277 0.011157
0.538514 0.010565
0.538750 0.010023
0.538986 0.009552
0.539222 0.009177
0.539458 0.008921
0.539695 0.008808
0.539931 0.008862
0.540167 0.009105
0.540403 0.009560
0.540640 0.010246
0.540876 0.011185
0.541112 0.012393
0.541348 0.013887
0.541585 0.015679
0.541821 0.017781
0.542057 0.020199
0.542293 0.022934
0.542530 0.025986
0.542766 0.029347
0.543002 0.033005
0.543238 0.036942
0.543474 0.041133
0.543711 0.045551
0.543947 0.050159
0.544183 0.054921
0.544419 0.059791
0.544656 0.064724
0.544892 0.069670
0.545128 0.074581
0.545364 0.079404
0.545601 0.084091
0.545837 0.088595
0.546073 0.092871
0.546309 0.096878
0.546546 0.100579
0.546782 0.103944
0.547018 0.106946
0.547254 0.109564
0.547490 0.111783
0.547727 0.113591
0.547963 0.114982
0.548199 0.115955
0.548435 0.116511
0.548672 0.116656
0.548908 0.116397
0.549144 0.115747
0.549380 0.114716
0.549617 0.113323
0.549853 0.111582
0.550089 0.109516
0.550325 0.107144
0.550562 0.104491
0.550798 0.101584
0.551034 0.098451
0.551270 0.095123
0.551507 0.091631
0.551743 0.088013
0.551979 0.084302
0.552215 0.080539
0.552451 0.076759
0.552688 0.073003
0.552924 0.069307
0.553160 0.065709
0.553396 0.062243
0.553633 0.058943
0.553869 0.055838
0.554105 0.052955
0.554341 0.050316
0.554578 0.047939
0.554814 0.045838
0.555050 0.044021
0.555286 0.042493
0.555523 0.041254
0.555759 0.040297
0.555995 0.039612
0.556231 0.039186
0.556467 0.039000
0.556704 0.039033
0.556940 0.039258
0.557176 0.039649
0.557412 0.040177
0.557649 0.040810
0.557885 0.041517
0.558121 0.042266
0.558357 0.043027
0.558594 0.043770
0.558830 0.044468
0.559066 0.045095
0.559302 0.045628
0.559539 0.046050
0.559775 0.046345
0.560011 0.046502
0.560247 0.046513
0.560483 0.046374
0.560720 0.046086
0.560956 0.045652
0.561192 0.045078
0.561428 0.044376
0.561665 0.043556
0.561901 0.042634
0.562137 0.041625
0.562373 0.040547
0.562610 0.039417
0.562846 0.038257
0.563082 0.037083
0.563318 0.035917
0.563555 0.034778
0.563791 0.033684
0.564027 0.032654
0.564263 0.031705
0.564499 0.030853
0.564736 0.030114
0.564972 0.029499
0.565208 0.029019
0.565444 0.028683
0.565681 0.028495
0.565917 0.028458
0.566153 0.028569
0.566389 0.028825
0.566626 0.029216
0.566862 0.029730
0.567098 0.030353
0.567334 0.031067
0.567571 0.031849
0.567807 0.032679
0.568043 0.033533
0.568279 0.034385
0.568516 0.035213
0.568752 0.035994
0.568988 0.036706
0.569224 0.037332
0.569460 0.037855
0.569697 0.038262
0.569933 0.038546
0.570169 0.038702
0.570405 0.038726
0.570642 0.038623
0.570878 0.038397
0.571114 0.038056
0.571350 0.037610
0.571587 0.037073
0.571823 0.036457
0.572059 0.035777
0.572295 0.035047
0.572532 0.034283
0.572768 0.033497
0.573004 0.032704
0.573240 0.031913
0.573476 0.031135
0.573713 0.030379
0.573949 0.029650
0.574185 0.028954
0.574421 0.028293
0.574658 0.027669
0.574894 0.027081
0.575130 0.026529
0.575366 0.026009
0.575603 0.025519
0.575839 0.025057
0.576075 0.024618
0.576311 0.024200
0.576548 0.023801
0.576784 0.023419
0.577020 0.023055
0.577256 0.022709
0.577492 0.022382
0.577729 0.022077
0.577965 0.021798
0.578201 0.021548
0.578437 0.021331
0.578674 0.021151
0.578910 0.021013
0.579146 0.020918
0.579382 0.020869
0.579619 0.020867
0.579855 0.020912
0.580091 0.021001
0.580327 0.021134
0.580564 0.021305
0.580800 0.021512
0.581036 0.021748
0.581272 0.022010
0.581509 0.022292
0.581745 0.022590
0.581981 0.022899
0.582217 0.023216
0.582453 0.023538
0.582690 0.023864
0.582926 0.024191
0.583162 0.024520
0.583398 0.024850
0.583635 0.025180
0.583871 0.025512
0.584107 0.025843
0.584343 0.026174
0.584580 0.026504
0.584816 0.026829
0.585052 0.027149
0.585288 0.027458
0.585525 0.027755
0.585761 0.028034
0.585997 0.028290
0.586233 0.028520
0.586469 0.028718
0.586706 0.028881
0.586942 0.029004
0.587178 0.029086
0.587414 0.029125
0.587651 0.029119
0.587887 0.029068
0.588123 0.028974
0.588359 0.028840
0.588596 0.028667
0.588832 0.028459
0.589068 0.028222
0.589304 0.027959
0.589541 0.027675
0.589777 0.027374
0.590013 0.027061
0.590249 0.026739
0.590485 0.026412
0.590722 0.026081
0.590958 0.025749
0.591194 0.025416
0.591430 0.025084
0.591667 0.024751
0.591903 0.024418
0.592139 0.024085
0.592375 0.023752
0.592612 0.023419
0.592848 0.023087
0.593084 0.022758
0.593320 0.022432
0.593557 0.022114
0.593793 0.021806
0.594029 0.021510
0.594265 0.021230
0.594502 0.020969
0.594738 0.020728
0.594974 0.020509
0.595210 0.020311
0.595446 0.020133
0.595683 0.019972
0.595919 0.019824
0.596155 0.019684
0.596391 0.019545
0.596628 0.019400
0.596864 0.019241
0.597100 0.019061
0.597336 0.018853
0.597573 0.018612
0.597809 0.018332
0.598045 0.018013
0.598281 0.017654
0.598518 0.017257
0.598754 0.016828
0.598990 0.016373
0.599226 0.015902
0.599462 0.015426
0.599699 0.014958
0.599935 0.014511
0.600171 0.014099
0.600407 0.013736
0.600644 0.013434
0.600880 0.013204
0.601116 0.013055
0.601352 0.012995
0.601589 0.013028
0.601825 0.013156
0.602061 0.013377
0.602297 0.013688
0.602534 0.014082
0.602770 0.014550
0.603006 0.015081
0.603242 0.015665
0.603478 0.016287
0.603715 0.016934
0.603951 0.017593
0.604187 0.018251
0.604423 0.018897
0.604660 0.019519
0.604896 0.020108
0.605132 0.020657
0.605368 0.021160
0.605605 0.021612
0.605841 0.022010
0.606077 0.022354
0.606313 0.022643
0.606550 0.022879
0.606786 0.023062
0.607022 0.023197
0.607258 0.023287
0.607494 0.023337
0.607731 0.023350
0.607967 0.023334
0.608203 0.023295
0.608439 0.023242
0.608676 0.023182
0.608912 0.023127
0.609148 0.023088
0.609384 0.023078
0.609621 0.023111
0.609857 0.023201
0.610093 0.023366
0.610329 0.023621
0.610566 0.023983
0.610802 0.024469
0.611038 0.025094
0.611274 0.025874
0.611511 0.026822
0.611747 0.027951
0.611983 0.029270
0.612219 0.030788
0.612455 0.032511
0.612692 0.034443
0.612928 0.036586
0.613164 0.038941
0.613400 0.041507
0.613637 0.044281
0.613873 0.047260
0.614109 0.050441
0.614345 0.053821
0.614582 0.057396
0.614818 0.061163
0.615054 0.065120
0.615290 0.069265
0.615527 0.073599
0.615763 0.078121
0.615999 0.082832
0.616235 0.087735
0.616471 0.092832
0.616708 0.098125
0.616944 0.103616
0.617180 0.109306
0.617416 0.115194
0.617653 0.121279
0.617889 0.127554
0.618125 0.134012
0.618361 0.140639
0.618598 0.147420
0.618834 0.154330
0.619070 0.161342
0.619306 0.168420
0.619543 0.175523
0.619779 0.182603
0.620015 0.189603
0.620251 0.196464
0.620487 0.203116
0.620724 0.209489
0.620960 0.215508
0.621196 0.221095
0.621432 0.226173
0.621669 0.230667
0.621905 0.234506
0.622141 0.237626
0.622377 0.239970
0.622614 0.241493
0.622850 0.242162
0.623086 0.241958
0.623322 0.240877
0.623559 0.238930
0.623795 0.236146
0.624031 0.232567
0.624267 0.228251
0.624504 0.223269
0.624740 0.217703
0.624976 0.211645
0.625212 0.205194
0.625448 0.198451
0.625685 0.191521
0.625921 0.184505
0.626157 0.177502
0.626393 0.170604
0.626630 0.163895
0.626866 0.157447
0.627102 0.151325
0.627338 0.145578
0.627575 0.140245
0.627811 0.135351
0.628047 0.130912
0.628283 0.126930
0.628520 0.123401
0.628756 0.120311
0.628992 0.117639
0.629228 0.115360
0.629464 0.113447
0.629701 0.111869
0.629937 0.110596
0.630173 0.109599
0.630409 0.108852
0.630646 0.108330
0.630882 0.108013
0.631118 0.107883
0.631354 0.107927
0.631591 0.108134
0.631827 0.108496
0.632063 0.109006
0.632299 0.109660
0.632536 0.110453
0.632772 0.111378
0.633008 0.112429
0.633244 0.113595
0.633480 0.114863
0.633717 0.116216
0.633953 0.117632
0.634189 0.119086
0.634425 0.120548
0.634662 0.121984
0.634898 0.123356
0.635134 0.124625
0.635370 0.125749
0.635607 0.126688
0.635843 0.127401
0.636079 0.127851
0.636315 0.128006
0.636552 0.127838
0.636788 0.127329
0.637024 0.126468
0.637260 0.125252
0.637496 0.123692
0.637733 0.121807
0.637969 0.119626
0.638205 0.117191
0.638441 0.114552
0.638678 0.111765
0.638914 0.108896
0.639150 0.106014
0.639386 0.103191
0.639623 0.100500
0.639859 0.098010
0.640095 0.095787
0.640331 0.093891
0.640568 0.092373
0.640804 0.091274
0.641040 0.090621
0.641276 0.090432
0.641513 0.090708
0.641749 0.091440
0.641985 0.092602
0.642221 0.094161
0.642457 0.096067
0.642694 0.098267
0.642930 0.100695
0.643166 0.103284
0.643402 0.105962
0.643639 0.108657
0.643875 0.111301
0.644111 0.113827
0.644347 0.116178
0.644584 0.118302
0.644820 0.120158
0.645056 0.121718
0.645292 0.122961
0.645529 0.123881
0.645765 0.124482
0.646001 0.124779
0.646237 0.124794
0.646473 0.124561
0.646710 0.124118
0.646946 0.123506
0.647182 0.122771
0.647418 0.121958
0.647655 0.121111
0.647891 0.120270
0.648127 0.119471
0.648363 0.118745
0.648600 0.118115
0.648836 0.117600
0.649072 0.117211
0.649308 0.116955
0.649545 0.116831
0.649781 0.116838
0.650017 0.116972
0.650253 0.117229
0.650489 0.117607
0.650726 0.118104
0.650962 0.118728
0.651198 0.119487
0.651434 0.120399
0.651671 0.121489
0.651907 0.122787
0.652143 0.124331
0.652379 0.126163
0.652616 0.128329
0.652852 0.130881
0.653088 0.133866
0.653324 0.137332
0.653561 0.141323
0.653797 0.145877
0.654033 0.151023
0.654269 0.156779
0.654506 0.163154
0.654742 0.170143
0.654978 0.177729
0.655214 0.185881
0.655450 0.194559
0.655687 0.203710
0.655923 0.213271
0.656159 0.223172
0.656395 0.233340
0.656632 0.243697
0.656868 0.254164
0.657104 0.264664
0.657340 0.275126
0.657577 0.285483
0.657813 0.295675
0.658049 0.305653
0.658285 0.315376
0.658522 0.324815
0.658758 0.333949
0.658994 0.342772
0.659230 0.351284
0.659466 0.359496
0.659703 0.367430
0.659939 0.375115
0.660175 0.382588
0.660411 0.389895
0.660648 0.397088
0.660884 0.404228
0.661120 0.411381
0.661356 0.418623
0.661593 0.426035
0.661829 0.433708
0.662065 0.441741
0.662301 0.450242
0.662538 0.459327
0.662774 0.469121
0.663010 0.479754
0.663246 0.491366
0.663482 0.504099
0.663719 0.518100
0.663955 0.533514
0.664191 0.550487
0.664427 0.569155
0.664664 0.589649
0.664900 0.612086
0.665136 0.636569
0.665372 0.663182
0.665609 0.691990
0.665845 0.723037
0.666081 0.756345
0.666317 0.791913
0.666554 0.829720
0.666790 0.869727
0.667026 0.911879
0.667262 0.956111
0.667498 1.002350
0.667735 1.050522
0.667971 1.100557
0.668207 1.152392
0.668443 1.205981
0.668680 1.261294
0.668916 1.318325
0.669152 1.377091
0.669388 1.437636
0.669625 1.500027
0.669861 1.564357
0.670097 1.630737
0.670333 1.699292
0.670570 1.770158
0.670806 1.843470
0.671042 1.919358
0.671278 1.997935
0.671515 2.079289
0.671751 2.163481
0.671987 2.250527
0.672223 2.340405
0.672459 2.433042
0.672696 2.528318
0.672932 2.626065
0.673168 2.726068
0.673404 2.828077
0.673641 2.931806
0.673877 3.036949
0.674113 3.143186
0.674349 3.250198
0.674586 3.357675
0.674822 3.465328
0.675058 3.572897
0.675294 3.680164
0.675531 3.786953
0.675767 3.893140
0.676003 3.998649
0.676239 4.103458
0.676475 4.207592
0.676712 4.311118
0.676948 4.414142
0.677184 4.516802
0.677420 4.619257
0.677657 4.721685
0.677893 4.824268
0.678129 4.927192
0.678365 5.030639
0.678602 5.134779
0.678838 5.239770
0.679074 5.345754
0.679310 5.452856
0.679547 5.561179
0.679783 5.670811
0.680019 5.781819
0.680255 5.894251
0.680491 6.008138
0.680728 6.123496
0.680964 6.240320
0.681200 6.358593
0.681436 6.478280
0.681673 6.599335
0.681909 6.721695
0.682145 6.845288
0.682381 6.970034
0.682618 7.095846
0.682854 7.222635
0.683090 7.350318
0.683326 7.478820
0.683563 7.608082
0.683799 7.738067
0.684035 7.868771
0.684271 8.000222
0.684508 8.132495
0.684744 8.265707
0.684980 8.400029
0.685216 8.535679
0.685452 8.672928
0.685689 8.812087
0.685925 8.953509
0.686161 9.097572
0.686397 9.244669
0.686634 9.395198
0.686870 9.549538
0.687106 9.708041
0.687342 9.871009
0.687579 10.038685
0.687815 10.211234
0.688051 10.388736
0.688287 10.571179
0.688524 10.758455
0.688760 10.950364
0.688996 11.146621
0.689232 11.346865
0.689468 11.550678
0.689705 11.757607
0.689941 11.967181
0.690177 12.178941
0.690413 12.392464
0.690650 12.607389
0.690886 12.823439
0.691122 13.040442
0.691358 13.258346
0.691595 13.477235
0.691831 13.697328
0.692067 13.918982
0.692303 14.142686
0.692540 14.369045
0.692776 14.598765
0.693012 14.832624
0.693248 15.071447
0.693484 15.316073
0.693721 15.567320
0.693957 15.825949
0.694193 16.092633
0.694429 16.367916
0.694666 16.652189
0.694902 16.945660
0.695138 17.248331
0.695374 17.559985
0.695611 17.880178
0.695847 18.208234
0.696083 18.543256
0.696319 18.884136
0.696556 19.229583
0.696792 19.578146
0.697028 19.928252
0.697264 20.278249
0.697501 20.626445
0.697737 20.971155
0.697973 21.310752
0.698209 21.643706
0.698445 21.968628
0.698682 22.284309
0.698918 22.589745
0.699154 22.884165
0.699390 23.167046
0.699627 23.438112
0.699863 23.697340
0.700099 23.944942
0.700335 24.181345
0.700572 24.407167
0.700808 24.623184
0.701044 24.830288
0.701280 25.029454
0.701517 25.221695
0.701753 25.408024
0.701989 25.589415
0.702225 25.766768
0.702461 25.940884
0.702698 26.112433
0.702934 26.281948
0.703170 26.449802
0.703406 26.616212
0.703643 26.781240
0.703879 26.944798
0.704115 27.106665
0.704351 27.266500
0.704588 27.423871
0.704824 27.578273
0.705060 27.729153
0.705296 27.875940
0.705533 28.018064
0.705769 28.154983
0.706005 28.286201
0.706241 28.411285
0.706477 28.529876
0.706714 28.641701
0.706950 28.746575
0.707186 28.844397
0.707422 28.935151
0.707659 29.018889
0.707895 29.095726
0.708131 29.165819
0.708367 29.229348
0.708604 29.286503
0.708840 29.337459
0.709076 29.382359
0.709312 29.421295
0.709549 29.454294
0.709785 29.481306
0.710021 29.502191
0.710257 29.516717
0.710493 29.524558
0.710730 29.525298
0.710966 29.518434
0.711202 29.503393
0.711438 29.479541
0.711675 29.446203
0.711911 29.402680
0.712147 29.348270
0.712383 29.282290
0.712620 29.204091
0.712856 29.113080
0.713092 29.008735
0.713328 28.890615
0.713565 28.758372
0.713801 28.611757
0.714037 28.450619
0.714273 28.274903
0.714510 28.084646
0.714746 27.879970
0.714982 27.661067
0.715218 27.428190
0.715454 27.181642
0.715691 26.921757
0.715927 26.648896
0.716163 26.363433
0.716399 26.065746
0.716636 25.756216
0.716872 25.435223
0.717108 25.103147
0.717344 24.760369
0.717581 24.407286
0.717817 24.044307
0.718053 23.671876
0.718289 23.290470
0.718526 22.900618
0.718762 22.502906
0.718998 22.097987
0.719234 21.686582
0.719470 21.269483
0.719707 20.847552
0.719943 20.421713
0.720179 19.992941
0.720415 19.562251
0.720652 19.130676
0.720888 18.699250
0.721124 18.268986
0.721360 17.840851
0.721597 17.415744
0.721833 16.994477
0.722069 16.577754
0.722305 16.166155
0.722542 15.760131
0.722778 15.359991
0.723014 14.965908
0.723250 14.577920
0.723486 14.195945
0.723723 13.819793
0.723959 13.449186
0.724195 13.083782
0.724431 12.723200
0.724668 12.367041
0.724904 12.014920
0.725140 11.666482
0.725376 11.321425
0.725613 10.979517
0.725849 10.640610
0.726085 10.304644
0.726321 9.971650
0.726558 9.641754
0.726794 9.315162
0.727030 8.992158
0.727266 8.673088
0.727503 8.358342
0.727739 8.048344
0.727975 7.743531
0.728211 7.444337
0.728447 7.151183
0.728684 6.864455
0.728920 6.584505
0.729156 6.311631
0.729392 6.046081
0.729629 5.788043
0.729865 5.537650
0.730101 5.294978
0.730337 5.060050
0.730574 4.832843
0.730810 4.613290
0.731046 4.401290
0.731282 4.196711
0.731519 3.999401
0.731755 3.809187
0.731991 3.625890
0.732227 3.449320
0.732463 3.279288
0.732700 3.115607
0.732936 2.958093
0.733172 2.806570
0.733408 2.660870
0.733645 2.520836
0.733881 2.386321
0.734117 2.257187
0.734353 2.133308
0.734590 2.014568
0.734826 1.900859
0.735062 1.792082
0.735298 1.688142
0.735535 1.588950
0.735771 1.494421
0.736007 1.404469
0.736243 1.319007
0.736479 1.237945
0.736716 1.161190
0.736952 1.088641
0.737188 1.020187
0.737424 0.955712
0.737661 0.895087
0.737897 0.838174
0.738133 0.784823
0.738369 0.734878
0.738606 0.688169
0.738842 0.644521
0.739078 0.603753
0.739314 0.565680
0.739551 0.530114
0.739787 0.496870
0.740023 0.465764
0.740259 0.436622
0.740495 0.409275
0.740732 0.383568
0.740968 0.359359
0.741204 0.336521
0.741440 0.314944
0.741677 0.294534
0.741913 0.275218
0.742149 0.256935
0.742385 0.239645
0.742622 0.223317
0.742858 0.207937
0.743094 0.193499
0.743330 0.180002
0.743567 0.167452
0.743803 0.155854
0.744039 0.145214
0.744275 0.135530
0.744512 0.126798
0.744748 0.119000
0.744984 0.112114
0.745220 0.106102
0.745456 0.100919
0.745693 0.096507
0.745929 0.092798
0.746165 0.089716
0.746401 0.087178
0.746638 0.085095
0.746874 0.083374
0.747110 0.081923
0.747346 0.080652
0.747583 0.079473
0.747819 0.078306
0.748055 0.077077
0.748291 0.075725
0.748528 0.074198
0.748764 0.072457
0.749000 0.070474
