3.357407e-20
3.337214e-20
3.320164e-20
3.305631e-20
3.293021e-20
3.281828e-20
3.271535e-20
3.261712e-20
3.252009e-20
3.242105e-20
3.231711e-20
3.220768e-20
3.209131e-20
3.196895e-20
3.184121e-20
3.170989e-20
3.157685e-20
3.144489e-20
3.131646e-20
3.119400e-20
3.108014e-20
3.097726e-20
3.088757e-20
3.081265e-20
3.075433e-20
3.071427e-20
3.069311e-20
3.069218e-20
3.071170e-20
3.075244e-20
3.081456e-20
3.089755e-20
3.100118e-20
3.112443e-20
3.126608e-20
3.142353e-20
3.159469e-20
3.177503e-20
3.196043e-20
3.214497e-20
3.232192e-20
3.248383e-20
3.262192e-20
3.272898e-20
3.279703e-20
3.282100e-20
3.279819e-20
3.272822e-20
3.261417e-20
3.246209e-20
3.227918e-20
3.207411e-20
3.185532e-20
3.163089e-20
3.140889e-20
3.119531e-20
3.099569e-20
3.081456e-20
3.065524e-20
3.052092e-20
3.041352e-20
3.033491e-20
3.028648e-20
3.026928e-20
3.028438e-20
3.033215e-20
3.041352e-20
3.052871e-20
3.067806e-20
3.086188e-20
3.107988e-20
3.133159e-20
3.161666e-20
3.193343e-20
3.228020e-20
3.265345e-20
3.304852e-20
3.345942e-20
3.387741e-20
3.429063e-20
3.468596e-20
3.504669e-20
3.535660e-20
3.560033e-20
3.576670e-20
3.585125e-20
3.585689e-20
3.579443e-20
3.567843e-20
3.552741e-20
3.535803e-20
3.518637e-20
3.502617e-20
3.488850e-20
3.478132e-20
3.471219e-20
3.468657e-20
3.470975e-20
3.478630e-20
3.492056e-20
3.511830e-20
3.538530e-20
3.572976e-20
3.616068e-20
3.669075e-20
3.733780e-20
3.812726e-20
3.909466e-20
4.029740e-20
4.182522e-20
4.385667e-20
4.676119e-20
5.166280e-20
9.537185e-20
5.472123e-20
4.766026e-20
4.381237e-20
4.112726e-20
3.904558e-20
3.734357e-20
3.590070e-20
3.464902e-20
3.354349e-20
3.255521e-20
3.166389e-20
3.085367e-20
3.011352e-20
2.943465e-20
2.881025e-20
2.823509e-20
2.770448e-20
2.721511e-20
2.676364e-20
2.634780e-20
2.596526e-20
2.561420e-20
2.529278e-20
2.499968e-20
2.473343e-20
2.449276e-20
2.427652e-20
2.408365e-20
2.391315e-20
2.376399e-20
2.363532e-20
2.352627e-20
2.343604e-20
2.336395e-20
2.330932e-20
2.327154e-20
2.325010e-20
2.324453e-20
2.325449e-20
2.327959e-20
2.331971e-20
2.337456e-20
2.344413e-20
2.352824e-20
2.362697e-20
2.374025e-20
2.386804e-20
2.401033e-20
2.416702e-20
2.433807e-20
2.452308e-20
2.472184e-20
2.493362e-20
2.515784e-20
2.539336e-20
2.563897e-20
2.589293e-20
2.615324e-20
2.641728e-20
2.668209e-20
2.694411e-20
2.719941e-20
2.744367e-20
2.767225e-20
2.788064e-20
2.806439e-20
2.821961e-20
2.834362e-20
2.843471e-20
2.849239e-20
2.851783e-20
2.851331e-20
2.848259e-20
2.842974e-20
2.835943e-20
2.827668e-20
2.818617e-20
2.809240e-20
2.799924e-20
2.791027e-20
2.782839e-20
2.775620e-20
2.769580e-20
2.764860e-20
2.761592e-20
2.759864e-20
2.759743e-20
2.761272e-20
2.764460e-20
2.769311e-20
2.775814e-20
2.783909e-20
2.793570e-20
2.804709e-20
2.817252e-20
2.831086e-20
2.846102e-20
2.862104e-20
2.878954e-20
2.896397e-20
2.914175e-20
2.932002e-20
2.949517e-20
2.966338e-20
2.982044e-20
2.996167e-20
3.008298e-20
3.018020e-20
3.024964e-20
3.028901e-20
3.029680e-20
3.027347e-20
3.022015e-20
3.014003e-20
3.003700e-20
2.991546e-20
2.978042e-20
2.963741e-20
2.949083e-20
2.934524e-20
2.920491e-20
2.907295e-20
2.895222e-20
2.884514e-20
2.875322e-20
2.867797e-20
2.862033e-20
2.858059e-20
2.855892e-20
2.855559e-20
2.856988e-20
2.860139e-20
2.864940e-20
2.871305e-20
2.879101e-20
2.888227e-20
2.898541e-20
2.909907e-20
2.922146e-20
2.935127e-20
2.948649e-20
2.962592e-20
2.976779e-20
2.991047e-20
3.005287e-20
3.019355e-20
3.033172e-20
3.046654e-20
3.059772e-20
3.072477e-20
3.084813e-20
3.096783e-20
3.108396e-20
3.119740e-20
3.130838e-20
3.141717e-20
3.152407e-20
3.162856e-20
3.173039e-20
3.182899e-20
3.192312e-20
3.201114e-20
3.209163e-20
3.216279e-20
3.222275e-20
3.226932e-20
3.230169e-20
3.231848e-20
3.231917e-20
3.230374e-20
3.227340e-20
3.222846e-20
3.217140e-20
3.210335e-20
3.202711e-20
3.194409e-20
3.185655e-20
3.176600e-20
3.167416e-20
3.158202e-20
3.149047e-20
3.139980e-20
3.131081e-20
3.122315e-20
3.113706e-20
3.105272e-20
3.096957e-20
3.088830e-20
3.080859e-20
3.073062e-20
3.065524e-20
3.058234e-20
3.051314e-20
3.044770e-20
3.038715e-20
3.033236e-20
3.028375e-20
3.024235e-20
3.020858e-20
3.018328e-20
3.016650e-20
3.015854e-20
3.015976e-20
3.017017e-20
3.018944e-20
3.021705e-20
3.025298e-20
3.029659e-20
3.034684e-20
3.040334e-20
3.046522e-20
3.053183e-20
3.060226e-20
3.067598e-20
3.075221e-20
3.083083e-20
3.091122e-20
3.099344e-20
3.107708e-20
3.116270e-20
3.125013e-20
3.133945e-20
3.143073e-20
3.152407e-20
3.161927e-20
3.171582e-20
3.181376e-20
3.191159e-20
3.200859e-20
3.210400e-20
3.219633e-20
3.228428e-20
3.236719e-20
3.244400e-20
3.251468e-20
3.257928e-20
3.263858e-20
3.269386e-20
3.274684e-20
3.280011e-20
3.285643e-20
3.291908e-20
3.299116e-20
3.307605e-20
3.317664e-20
3.329665e-20
3.343776e-20
3.360253e-20
3.379272e-20
3.400856e-20
3.425047e-20
3.451673e-20
3.480441e-20
3.510819e-20
3.542074e-20
3.573132e-20
3.602571e-20
3.628765e-20
3.649888e-20
3.664170e-20
3.670063e-20
3.666812e-20
3.654435e-20
3.633900e-20
3.606625e-20
3.574465e-20
3.539251e-20
3.502617e-20
3.465747e-20
3.429783e-20
3.395417e-20
3.363120e-20
3.333203e-20
3.305795e-20
3.281016e-20
3.258843e-20
3.239193e-20
3.221974e-20
3.207088e-20
3.194409e-20
3.183754e-20
3.175011e-20
3.168005e-20
3.162653e-20
3.158748e-20
3.156166e-20
3.154738e-20
3.154367e-20
3.154823e-20
3.155937e-20
3.157455e-20
3.159180e-20
3.160768e-20
3.161898e-20
3.162188e-20
3.161231e-20
3.158633e-20
3.153912e-20
3.146720e-20
3.136719e-20
3.123662e-20
3.107454e-20
3.088077e-20
3.065685e-20
3.040507e-20
3.012908e-20
2.983267e-20
2.952008e-20
2.919553e-20
2.886299e-20
2.852593e-20
2.818744e-20
2.785017e-20
2.751617e-20
2.718696e-20
2.686365e-20
2.654710e-20
2.623781e-20
2.593603e-20
2.564185e-20
2.535508e-20
2.507564e-20
2.480328e-20
2.453764e-20
2.427844e-20
2.402542e-20
2.377830e-20
2.353689e-20
2.330106e-20
2.307068e-20
2.284581e-20
2.262646e-20
2.241284e-20
2.220508e-20
2.200358e-20
2.180866e-20
2.162079e-20
2.144045e-20
2.126819e-20
2.110463e-20
2.095036e-20
2.080608e-20
2.067241e-20
2.055000e-20
2.043954e-20
2.034163e-20
2.025686e-20
2.018581e-20
2.012894e-20
2.008673e-20
2.005953e-20
2.004764e-20
2.005126e-20
2.007051e-20
2.010540e-20
2.015582e-20
2.022154e-20
2.030222e-20
2.039733e-20
2.050625e-20
2.062815e-20
2.076202e-20
2.090673e-20
2.106092e-20
2.122310e-20
2.139157e-20
2.156450e-20
2.173991e-20
2.191580e-20
2.209001e-20
2.226050e-20
2.242523e-20
2.258240e-20
2.273031e-20
2.286763e-20
2.299326e-20
2.310648e-20
2.320695e-20
2.329461e-20
2.336964e-20
2.343258e-20
2.348406e-20
2.352483e-20
2.355564e-20
2.357731e-20
2.359053e-20
2.359596e-20
2.359412e-20
2.358548e-20
2.357041e-20
2.354927e-20
2.352233e-20
2.348988e-20
2.345236e-20
2.341014e-20
2.336379e-20
2.331397e-20
2.326146e-20
2.320722e-20
2.315224e-20
2.309769e-20
2.304480e-20
2.299489e-20
2.294926e-20
2.290925e-20
2.287613e-20
2.285115e-20
2.283546e-20
2.283007e-20
2.283592e-20
2.285367e-20
2.288386e-20
2.292689e-20
2.298276e-20
2.305128e-20
2.313201e-20
2.322403e-20
2.332613e-20
2.343676e-20
2.355382e-20
2.367484e-20
2.379691e-20
2.391672e-20
2.403075e-20
2.413528e-20
2.422657e-20
2.430113e-20
2.435597e-20
2.438889e-20
2.439847e-20
2.438449e-20
2.434764e-20
2.428980e-20
2.421344e-20
2.412197e-20
2.401884e-20
2.390792e-20
2.379283e-20
2.367705e-20
2.356372e-20
2.345547e-20
2.335463e-20
2.326293e-20
2.318179e-20
2.311217e-20
2.305455e-20
2.300920e-20
2.297595e-20
2.295437e-20
2.294375e-20
2.294322e-20
2.295155e-20
2.296743e-20
2.298947e-20
2.301610e-20
2.304575e-20
2.307687e-20
2.310801e-20
2.313781e-20
2.316507e-20
2.318887e-20
2.320843e-20
2.322327e-20
2.323306e-20
2.323781e-20
2.323755e-20
2.323241e-20
2.322258e-20
2.320817e-20
2.318929e-20
2.316571e-20
2.313721e-20
2.310322e-20
2.306296e-20
2.301552e-20
2.295978e-20
2.289462e-20
2.281887e-20
2.273136e-20
2.263129e-20
2.251806e-20
2.239140e-20
2.225145e-20
2.209880e-20
2.193446e-20
2.175975e-20
2.157632e-20
2.138600e-20
2.119079e-20
2.099262e-20
2.079343e-20
2.059507e-20
2.039921e-20
2.020726e-20
2.002048e-20
1.983990e-20
1.966634e-20
1.950034e-20
1.934232e-20
1.919248e-20
1.905086e-20
1.891737e-20
1.879177e-20
1.867374e-20
1.856284e-20
1.845860e-20
1.836045e-20
1.826779e-20
1.817997e-20
1.809632e-20
1.801613e-20
1.793868e-20
1.786321e-20
1.778895e-20
1.771510e-20
1.764086e-20
1.756538e-20
1.748780e-20
1.740726e-20
1.732288e-20
1.723380e-20
1.713921e-20
1.703833e-20
1.693045e-20
1.681499e-20
1.669149e-20
1.655963e-20
1.641929e-20
1.627051e-20
1.611353e-20
1.594875e-20
1.577678e-20
1.559834e-20
1.541426e-20
1.522547e-20
1.503294e-20
1.483765e-20
1.464056e-20
1.444257e-20
1.424451e-20
1.404712e-20
1.385101e-20
1.365670e-20
1.346457e-20
1.327488e-20
1.308780e-20
1.290337e-20
1.272154e-20
1.254221e-20
1.236518e-20
1.219025e-20
1.201717e-20
1.184570e-20
1.167560e-20
1.150670e-20
1.133882e-20
1.117188e-20
1.100585e-20
1.084076e-20
1.067672e-20
1.051390e-20
1.035252e-20
1.019285e-20
1.003520e-20
9.879890e-21
9.727244e-21
9.577587e-21
9.431214e-21
9.288392e-21
9.149341e-21
9.014231e-21
8.883179e-21
8.756244e-21
8.633425e-21
8.514666e-21
8.399860e-21
8.288855e-21
8.181455e-21
8.077435e-21
7.976549e-21
7.878534e-21
7.783119e-21
7.690038e-21
7.599025e-21
7.509837e-21
7.422241e-21
7.336028e-21
7.251013e-21
7.167034e-21
7.083953e-21
7.001656e-21
6.920050e-21
6.839064e-21
6.758644e-21
6.678753e-21
6.599370e-21
6.520482e-21
6.442095e-21
6.364218e-21
6.286873e-21
6.210086e-21
6.133892e-21
6.058327e-21
5.983430e-21
5.909240e-21
5.835794e-21
5.763124e-21
5.691253e-21
5.620193e-21
5.549944e-21
5.480488e-21
5.411791e-21
5.343795e-21
5.276426e-21
5.209588e-21
5.143166e-21
5.077028e-21
5.011030e-21
4.945020e-21
4.878841e-21
4.812343e-21
4.745380e-21
4.677828e-21
4.609582e-21
4.540567e-21
4.470738e-21
4.400088e-21
4.328646e-21
4.256477e-21
4.183682e-21
4.110390e-21
4.036755e-21
3.962949e-21
3.889155e-21
3.815554e-21
3.742321e-21
3.669617e-21
3.597577e-21
3.526308e-21
3.455881e-21
3.386329e-21
3.317643e-21
3.249775e-21
3.182637e-21
3.116105e-21
3.050024e-21
2.984215e-21
2.918481e-21
2.852617e-21
2.786419e-21
2.719692e-21
2.652259e-21
2.583974e-21
2.514721e-21
2.444429e-21
2.373073e-21
2.300674e-21
2.227309e-21
2.153100e-21
2.078218e-21
2.002876e-21
1.927323e-21
1.851837e-21
1.776719e-21
1.702279e-21
1.628832e-21
1.556687e-21
1.486140e-21
1.417462e-21
1.350899e-21
1.286660e-21
1.224917e-21
1.165799e-21
1.109392e-21
1.055736e-21
1.004830e-21
9.566305e-22
9.110545e-22
8.679860e-22
8.272791e-22
7.887643e-22
7.522539e-22
7.175496e-22
6.844475e-22
6.527453e-22
6.222479e-22
5.927729e-22
5.641555e-22
5.362514e-22
5.089413e-22
4.821308e-22
4.557528e-22
4.297666e-22
4.041562e-22
3.789293e-22
3.541135e-22
3.297542e-22
3.059096e-22
2.826476e-22
2.600417e-22
2.381668e-22
2.170963e-22
1.968983e-22
1.776334e-22
1.593520e-22
1.420938e-22
1.258859e-22
1.107429e-22
9.666781e-23
8.365237e-23
7.167929e-23
6.072331e-23
5.075414e-23
4.173924e-23
3.364556e-23
2.644303e-23
2.010686e-23
1.462015e-23
9.975749e-24
6.177850e-24
3.243795e-24
1.204317e-24
1.038429e-25
-0.000000e+00
9.633134e-25
3.074994e-24
6.425904e-24
1.111403e-23
1.724240e-23
2.491652e-23
3.424162e-23
4.532092e-23
5.825285e-23
7.312929e-23
9.003437e-23
1.090429e-22
1.302198e-22
1.536199e-22
1.792886e-22
2.072620e-22
2.375678e-22
2.702275e-22
3.052572e-22
3.426689e-22
3.824738e-22
4.246819e-22
4.693046e-22
5.163559e-22
5.658526e-22
6.178149e-22
6.722662e-22
7.292334e-22
7.887441e-22
8.508273e-22
9.155093e-22
9.828139e-22
1.052758e-21
1.125351e-21
1.200590e-21
1.278460e-21
1.358931e-21
1.441957e-21
1.527475e-21
1.615403e-21
1.705644e-21
1.798087e-21
1.892608e-21
1.989073e-21
2.087343e-21
2.187281e-21
2.288753e-21
2.391638e-21
2.495830e-21
2.601245e-21
2.707825e-21
2.815542e-21
2.924403e-21
3.034446e-21
3.145746e-21
3.258410e-21
3.372576e-21
3.488408e-21
3.606089e-21
3.725819e-21
3.847804e-21
3.972253e-21
4.099369e-21
4.229340e-21
4.362338e-21
4.498514e-21
4.637987e-21
4.780849e-21
4.927162e-21
5.076951e-21
5.230216e-21
5.386924e-21
5.547017e-21
5.710417e-21
5.877024e-21
6.046731e-21
6.219417e-21
6.394965e-21
6.573256e-21
6.754181e-21
6.937640e-21
7.123549e-21
7.311841e-21
7.502468e-21
7.695402e-21
7.890635e-21
8.088183e-21
8.288074e-21
8.490363e-21
8.695113e-21
8.902406e-21
9.112334e-21
9.324998e-21
9.540504e-21
9.758963e-21
9.980484e-21
1.020517e-20
1.043313e-20
1.066443e-20
1.089917e-20
1.113739e-20
1.137912e-20
1.162437e-20
1.187311e-20
1.212528e-20
1.238078e-20
1.263949e-20
1.290121e-20
1.316575e-20
1.343282e-20
1.370215e-20
1.397341e-20
1.424625e-20
1.452031e-20
1.479521e-20
1.507061e-20
1.534615e-20
1.562157e-20
1.589662e-20
1.617114e-20
1.644506e-20
1.671842e-20
1.699135e-20
1.726412e-20
1.753707e-20
1.781067e-20
1.808547e-20
1.836207e-20
1.864111e-20
1.892321e-20
1.920899e-20
1.949891e-20
1.979339e-20
2.009255e-20
2.039641e-20
2.070456e-20
2.101632e-20
2.133064e-20
2.164599e-20
2.196043e-20
2.227153e-20
2.257655e-20
2.287226e-20
2.315547e-20
2.342275e-20
2.367109e-20
2.389783e-20
2.410114e-20
2.428012e-20
2.443497e-20
2.456698e-20
2.467856e-20
2.477307e-20
2.485446e-20
2.492710e-20
2.499563e-20
2.506460e-20
2.513851e-20
2.522136e-20
2.531697e-20
2.542874e-20
2.555984e-20
